0.13565987
0.02277847
0.032027464
0.12928252
-0.00920088
-0.1526485
-0.26156875
0.12301429
-0.019945243
0.048151236
-0.014829936
0.09331629
0.14944798
-0.257348
-0.08740194
-0.16108586
-0.020650486
-0.5096524
-0.27112585
-0.016293505
0.06778639
-0.19885293
-0.3601937
0.19496842
-0.018255932
-0.017283365
-0.0051441086
-0.02605123
0.0
-0.46557572
-0.009739207
0.20856868
-0.24701911
0.44095692
0.13175398
-0.14024201
-0.007175386
-0.26317686
-0.2662299
0.061093647
0.6520311
-0.02150849
-0.017358907
0.01598621
-0.011331597
-0.15122122
0.26874146
0.30683267
0.0018148321
-0.42467687
-0.13365187
0.6371308
-0.19797228
0.37836945
-0.14857972
-0.03443193
-0.3392554
-0.041133426
-0.019428333
-0.17307442
