-1.2398553
-1.3477236
0.8925581
0.35813278
-0.0063394373
1.3039281
1.135234
-0.72101396
-1.7798493
-0.9259637
-0.39065304
0.7042115
0.72632617
-2.3429062
-1.282238
1.6924028
1.5060861
0.14648893
0.23482792
-0.5099958
0.31099853
-0.42424285
0.3776409
-0.016607704
-0.018679477
0.7240597
0.2973676
0.7895433
-1.2264793
0.5861388
0.04431768
0.5592406
-0.01250327
0.13997263
1.8571823
0.09804995
-0.14898105
0.26395446
-0.51443535
-0.010051441
1.089458
-0.2947378
-1.0522974
0.4862931
-1.5347021
-0.99445677
-0.51996076
-1.0226148
0.33913854
-1.2185719
0.4839343
1.1948719
-0.017541826
-0.8903615
-1.2534374
0.10318524
1.3331958
-2.6428206
-0.83985305
-1.1816844
