-1.6906358
-0.25237754
-0.5854372
0.6873509
-0.1405522
-0.04042604
0.17509545
0.7431921
0.06635772
0.4207854
-0.09816676
0.22161523
-1.2534932
0.14919212
-0.4706888
0.009162368
0.23146228
0.43699673
0.64898413
0.63765186
-0.09912702
0.34449002
-1.4493784
-0.027548283
-0.3096406
-0.13918133
0.6757722
0.5222481
0.5949899
0.4635054
-0.3616089
-0.1022521
-0.46068943
0.3843418
0.3271477
0.27947477
0.65497106
0.15138909
-0.067760065
0.5592411
-0.6533643
0.44511795
-0.1833637
0.24576403
0.5442885
0.55638736
0.15853257
0.14916764
-0.89455426
0.17999834
