0.9651599
-0.5245402
0.09430646
0.57570326
0.031384293
0.45775732
-1.0759168
1.0286745
-0.17743616
0.15648803
0.68834287
-0.2690239
-0.46431407
-1.0604883
-0.01828802
1.3149307
0.30263594
-0.66674566
-0.022345848
0.24685566
-0.74394923
0.23663947
0.31595594
0.9158017
-0.55878013
0.15186934
-1.058874
0.18545552
0.5651188
-0.08268223
1.0042421
-0.5230817
-0.24437636
-0.12861155
-0.0072985357
0.34389392
0.68313915
0.77344424
-0.5237766
0.83817106
0.65857327
0.55892307
-0.23742583
0.8282744
-0.11813698
-1.049978
-0.39969245
-0.46030307
-0.30971625
-0.012395689
-0.9331919
-0.8367828
-0.59940004
0.20534143
0.2803866
1.0987864
-1.0133495
-0.13108341
0.5158195
1.0268557
