0.1282929
0.26152173
-0.61115104
-0.030966546
-1.1794883
0.4661726
-0.8798018
0.48757833
-0.16194068
0.2472613
-0.17684066
0.10820586
-0.16024962
0.15316874
-0.55857515
0.33438507
-0.77054363
0.9844051
-0.062018346
0.88919127
-0.22393832
-0.11745772
0.4988148
0.4214759
0.5858427
0.87075347
0.394453
0.59251076
0.10866021
0.90799695
-0.7340694
0.4495807
-0.8693843
0.85715395
0.73014635
0.4249989
1.0785031
0.63420784
0.5262604
0.8920228
-1.2626325
0.56492466
-0.57332873
-0.07184792
0.51216984
-0.076949164
0.962473
0.124551736
0.28995407
0.41907045
