-0.039901443
-0.07848784
-0.5933317
0.5209203
-0.31284347
0.22046997
-0.19367474
0.08121521
0.13641837
-0.07729465
0.15715116
-0.12462652
-0.10063537
-0.018077632
0.031314604
0.15632887
0.13995571
-0.31652442
-0.31256935
0.4704019
-0.07869025
-0.08276048
-0.12144384
-0.14760661
0.11034642
-0.022246636
0.03732225
-0.4059946
0.044972815
-0.04673417
0.41003656
0.11647049
-0.0072045214
-0.074514546
0.20348223
0.21164621
-0.05695892
-0.177707
0.42361444
0.16215724
-0.019587766
-0.46070367
-0.017272433
0.09327364
-0.61939573
-0.013685457
0.2525502
-0.026675887
0.08454379
-0.24979979
0.07318577
-0.15542535
-0.17426202
0.4290252
0.23892209
-0.43774655
0.0027681165
0.06890624
-0.13736314
0.21680707
