0.45349777
1.1082128
0.8049529
0.5434928
-0.05564938
-0.19900252
-0.18814288
-0.28720292
-0.097812064
-0.7972796
0.81078506
0.56082016
1.3628415
-0.20746714
0.36745796
-0.11541289
-0.10894207
-0.8263678
-0.01735755
-0.9355177
0.300738
0.078815065
0.9678719
-0.51335365
0.7060245
0.32009766
0.13656415
-0.12693286
0.038994737
-0.18793073
-0.0031383373
-0.38179278
0.6469724
0.1715834
0.6697127
0.26557148
0.26462147
-0.22341025
0.3233491
0.28780273
-0.154403
-0.05086553
0.172122
0.013187604
0.23260522
-0.5674121
0.4516724
0.04663437
0.50694454
0.79619145
