0.03600555
0.077027276
0.10612946
0.07646929
-0.0033170218
-0.006004535
-0.057829022
-0.14762266
0.08645684
0.015057869
0.022701887
-0.0023672483
-0.011492305
0.06164545
-0.0431373
0.09516958
-0.114057526
-0.10239516
-0.071611024
0.02342854
-0.095657006
0.083702385
0.023071915
-0.049755793
-0.11439312
-0.024619142
0.049049336
-0.029630287
-0.008812592
-0.032004382
-0.07926252
-0.0066565955
-0.008233053
-0.14502987
0.079623275
0.06424814
-0.025411583
0.079790324
-0.009922351
-0.030238595
-0.12932707
-0.016379608
-0.0097777415
-0.0034384127
0.07178086
-0.010159443
0.014018487
0.16549125
-0.006207534
-0.014556985
-0.051754393
0.04275982
-0.06873398
0.019856371
-0.08766473
-0.10056424
0.049050104
-0.019096602
0.11909179
-0.12011762
