-0.524576
0.91600865
-1.0467517
0.98041594
-0.28195408
0.44417584
0.7645099
0.1867269
0.07094403
0.03127492
-0.8739663
0.48070124
-0.84569865
1.0699043
0.3924813
0.5512067
0.5367602
0.3921414
0.11644691
0.015388246
-0.18410483
-0.031445198
0.28347388
0.84989834
0.80783683
0.120604075
0.6713644
0.1747086
0.2544428
0.25300083
0.10986273
-0.07801725
0.26296505
1.1257986
0.4995607
0.55271703
-0.2528789
0.75678253
0.062194098
0.047037914
0.6465353
-0.5442468
0.33440587
0.18988241
-0.20478001
0.81881255
-0.547145
0.41499442
-0.8062883
-0.31769076
