0.23179807
-0.29159036
0.49864864
0.41851363
0.50908464
0.4107605
0.5402502
0.68067414
0.095937885
0.8681273
0.5331478
-0.42983803
0.42509618
0.5121572
-0.032749653
0.90596855
-0.08868961
0.9721753
0.043972954
-0.29388756
1.2247529
1.0614276
-0.059589934
-0.4765643
-0.20909394
0.56200224
-1.3693614
0.84930426
0.5296087
0.21282831
0.6816259
-0.963766
-0.62302166
-0.6818604
-0.92236376
0.540566
0.9017932
-0.77377325
-0.20582981
-0.51971066
0.4234277
-1.4798654
-0.07014011
0.23473416
0.40099978
-0.056086004
-0.62770784
0.36829466
-0.29881775
-0.74498576
0.02673451
0.2772813
-1.1308101
-0.07883136
-0.4005699
0.13434376
-0.9740088
-0.3904189
0.48912776
0.19127111
-0.3576535
-0.12198366
-0.42369142
0.24966185
-0.9478639
0.30224675
-1.0866078
-0.047339305
-0.2509074
-0.27244198
0.32708934
-0.70867825
-0.15574875
-0.15938738
-0.91322434
