0.53630865
-0.351206
0.31877628
-0.029869387
-0.08970656
-0.18560135
-0.006587663
-0.5632077
-0.14483063
-0.65703714
0.5683342
-0.20461905
0.2627152
-0.10473962
0.0019991153
0.16383322
-0.051632043
-0.17475821
0.18247414
-0.47785595
-0.08250523
-0.5875812
0.16613537
-0.1443078
0.122962676
0.6200438
0.07822572
0.67164564
0.3040285
-0.120166
-0.065379135
0.09754546
0.19653925
0.20373723
0.06793666
0.5843473
0.12783617
0.28724048
-0.08803341
0.0650631
0.13097751
0.1874662
-0.4256081
0.24536917
-0.36095127
0.07835872
-0.276042
0.15802711
-0.16649109
-0.055047337
